0 4.99833e-09 9.995e-06
0.001 1.99867e-08 1.998e-05
0.002 4.4955e-08 2.9955e-05
0.003 7.98933e-08 3.992e-05
0.004 1.24792e-07 4.9875e-05
0.005 1.7964e-07 5.982e-05
0.006 2.44428e-07 6.9755e-05
0.007 3.19147e-07 7.968e-05
0.008 4.03785e-07 8.9595e-05
0.009 4.98333e-07 9.95e-05
0.01 6.02782e-07 0.000109395
0.011 7.1712e-07 0.00011928
0.012 8.41338e-07 0.000129155
0.013 9.75427e-07 0.00013902
0.014 1.11938e-06 0.000148875
0.015 1.27317e-06 0.00015872
0.016 1.43681e-06 0.000168555
0.017 1.61028e-06 0.00017838
0.018 1.79357e-06 0.000188195
0.019 1.98667e-06 0.000198
0.02 2.18957e-06 0.000207795
0.021 2.40225e-06 0.00021758
0.022 2.62472e-06 0.000227355
0.023 2.85696e-06 0.00023712
0.024 3.09896e-06 0.000246875
0.025 3.35071e-06 0.00025662
0.026 3.6122e-06 0.000266355
0.027 3.88341e-06 0.00027608
0.028 4.16435e-06 0.000285795
0.029 4.455e-06 0.0002955
0.03 4.75535e-06 0.000305195
0.031 5.06539e-06 0.00031488
0.032 5.38511e-06 0.000324555
0.033 5.71449e-06 0.00033422
0.034 6.05354e-06 0.000343875
0.035 6.40224e-06 0.00035352
0.036 6.76058e-06 0.000363155
0.037 7.12855e-06 0.00037278
0.038 7.50614e-06 0.000382395
0.039 7.89333e-06 0.000392
0.04 8.29013e-06 0.000401595
0.041 8.69652e-06 0.00041118
0.042 9.11249e-06 0.000420755
0.043 9.53803e-06 0.00043032
0.044 9.97313e-06 0.000439875
0.045 1.04178e-05 0.00044942
0.046 1.0872e-05 0.000458955
0.047 1.13357e-05 0.00046848
0.048 1.18089e-05 0.000477995
0.049 1.22917e-05 0.0004875
0.05 1.27839e-05 0.000496995
0.051 1.32857e-05 0.00050648
0.052 1.37969e-05 0.000515955
0.053 1.43176e-05 0.00052542
0.054 1.48477e-05 0.000534875
0.055 1.53873e-05 0.00054432
0.056 1.59363e-05 0.000553755
0.057 1.64948e-05 0.00056318
0.058 1.70627e-05 0.000572595
0.059 1.764e-05 0.000582
0.06 1.82267e-05 0.000591395
0.061 1.88228e-05 0.00060078
0.062 1.94283e-05 0.000610155
0.063 2.00431e-05 0.00061952
0.064 2.06673e-05 0.000628875
0.065 2.13008e-05 0.00063822
0.066 2.19437e-05 0.000647555
0.067 2.25959e-05 0.00065688
0.068 2.32575e-05 0.000666195
0.069 2.39283e-05 0.0006755
0.07 2.46085e-05 0.000684795
0.071 2.52979e-05 0.00069408
0.072 2.59966e-05 0.000703355
0.073 2.67046e-05 0.00071262
0.074 2.74219e-05 0.000721875
0.075 2.81484e-05 0.00073112
0.076 2.88841e-05 0.000740355
0.077 2.96291e-05 0.00074958
0.078 3.03833e-05 0.000758795
0.079 3.11467e-05 0.000768
0.08 3.19193e-05 0.000777195
0.081 3.27011e-05 0.00078638
0.082 3.3492e-05 0.000795555
0.083 3.42922e-05 0.00080472
0.084 3.51015e-05 0.000813875
0.085 3.59199e-05 0.00082302
0.086 3.67475e-05 0.000832155
0.087 3.75842e-05 0.00084128
0.088 3.84301e-05 0.000850395
0.089 3.9285e-05 0.0008595
0.09 4.01491e-05 0.000868595
0.091 4.10222e-05 0.00087768
0.092 4.19044e-05 0.000886755
0.093 4.27957e-05 0.00089582
0.094 4.36961e-05 0.000904875
0.095 4.46054e-05 0.00091392
0.096 4.55239e-05 0.000922955
0.097 4.64514e-05 0.00093198
0.098 4.73878e-05 0.000940995
0.099 4.83333e-05 0.00095
0.1 4.92878e-05 0.000958995
0.101 5.02513e-05 0.00096798
0.102 5.12238e-05 0.000976955
0.103 5.22052e-05 0.00098592
0.104 5.31956e-05 0.000994875
0.105 5.4195e-05 0.00100382
0.106 5.52033e-05 0.00101276
0.107 5.62205e-05 0.00102168
0.108 5.72466e-05 0.0010306
0.109 5.82817e-05 0.0010395
0.11 5.93256e-05 0.0010484
0.111 6.03785e-05 0.00105728
0.112 6.14402e-05 0.00106616
0.113 6.25108e-05 0.00107502
0.114 6.35902e-05 0.00108388
0.115 6.46785e-05 0.00109272
0.116 6.57757e-05 0.00110156
0.117 6.68816e-05 0.00111038
0.118 6.79964e-05 0.0011192
0.119 6.912e-05 0.001128
0.12 7.02524e-05 0.0011368
0.121 7.13936e-05 0.00114558
0.122 7.25436e-05 0.00115436
0.123 7.37023e-05 0.00116312
0.124 7.48698e-05 0.00117188
0.125 7.60461e-05 0.00118062
0.126 7.72311e-05 0.00118936
0.127 7.84248e-05 0.00119808
0.128 7.96272e-05 0.0012068
0.129 8.08384e-05 0.0012155
0.13 8.20582e-05 0.0012242
0.131 8.32868e-05 0.00123288
0.132 8.4524e-05 0.00124156
0.133 8.57699e-05 0.00125022
0.134 8.70244e-05 0.00125888
0.135 8.82876e-05 0.00126752
0.136 8.95594e-05 0.00127616
0.137 9.08399e-05 0.00128478
0.138 9.2129e-05 0.0012934
0.139 9.34267e-05 0.001302
0.14 9.4733e-05 0.0013106
0.141 9.60479e-05 0.00131918
0.142 9.73714e-05 0.00132776
0.143 9.87034e-05 0.00133632
0.144 0.000100044 0.00134488
0.145 0.000101393 0.00135342
0.146 0.000102751 0.00136196
0.147 0.000104117 0.00137048
0.148 0.000105492 0.001379
0.149 0.000106875 0.0013875
0.15 0.000108267 0.001396
0.151 0.000109667 0.00140448
0.152 0.000111076 0.00141296
0.153 0.000112493 0.00142142
0.154 0.000113919 0.00142988
0.155 0.000115353 0.00143832
0.156 0.000116795 0.00144676
0.157 0.000118246 0.00145518
0.158 0.000119706 0.0014636
0.159 0.000121173 0.001472
0.16 0.00012265 0.0014804
0.161 0.000124134 0.00148878
0.162 0.000125627 0.00149716
0.163 0.000127129 0.00150552
0.164 0.000128638 0.00151388
0.165 0.000130156 0.00152222
0.166 0.000131683 0.00153056
0.167 0.000133217 0.00153888
0.168 0.00013476 0.0015472
0.169 0.000136312 0.0015555
0.17 0.000137871 0.0015638
0.171 0.000139439 0.00157208
0.172 0.000141016 0.00158036
0.173 0.0001426 0.00158862
0.174 0.000144193 0.00159688
0.175 0.000145794 0.00160512
0.176 0.000147403 0.00161336
0.177 0.000149021 0.00162158
0.178 0.000150646 0.0016298
0.179 0.00015228 0.001638
0.18 0.000153922 0.0016462
0.181 0.000155572 0.00165438
0.182 0.000157231 0.00166256
0.183 0.000158898 0.00167072
0.184 0.000160572 0.00167888
0.185 0.000162255 0.00168702
0.186 0.000163946 0.00169516
0.187 0.000165646 0.00170328
0.188 0.000167353 0.0017114
0.189 0.000169068 0.0017195
0.19 0.000170792 0.0017276
0.191 0.000172524 0.00173568
0.192 0.000174263 0.00174376
0.193 0.000176011 0.00175182
0.194 0.000177767 0.00175988
0.195 0.000179531 0.00176792
0.196 0.000181303 0.00177596
0.197 0.000183083 0.00178398
0.198 0.000184871 0.001792
0.199 0.000186667 0.0018
0.2 0.000188471 0.001808
0.201 0.000190283 0.00181598
0.202 0.000192103 0.00182396
0.203 0.000193931 0.00183192
0.204 0.000195767 0.00183988
0.205 0.00019761 0.00184782
0.206 0.000199462 0.00185576
0.207 0.000201322 0.00186368
0.208 0.00020319 0.0018716
0.209 0.000205065 0.0018795
0.21 0.000206949 0.0018874
0.211 0.00020884 0.00189528
0.212 0.000210739 0.00190316
0.213 0.000212646 0.00191102
0.214 0.000214561 0.00191888
0.215 0.000216484 0.00192672
0.216 0.000218415 0.00193456
0.217 0.000220353 0.00194238
0.218 0.000222299 0.0019502
0.219 0.000224254 0.001958
0.22 0.000226215 0.0019658
0.221 0.000228185 0.00197358
0.222 0.000230163 0.00198136
0.223 0.000232148 0.00198912
0.224 0.000234141 0.00199688
0.225 0.000236142 0.00200462
0.226 0.00023815 0.00201236
0.227 0.000240166 0.00202008
0.228 0.00024219 0.0020278
0.229 0.000244222 0.0020355
0.23 0.000246261 0.0020432
0.231 0.000248308 0.00205088
0.232 0.000250363 0.00205856
0.233 0.000252425 0.00206622
0.234 0.000254495 0.00207388
0.235 0.000256573 0.00208152
0.236 0.000258659 0.00208916
0.237 0.000260752 0.00209678
0.238 0.000262852 0.0021044
0.239 0.00026496 0.002112
0.24 0.000267076 0.0021196
0.241 0.0002692 0.00212718
0.242 0.00027133 0.00213476
0.243 0.000273469 0.00214232
0.244 0.000275615 0.00214988
0.245 0.000277769 0.00215743
0.246 0.00027993 0.00216496
0.247 0.000282099 0.00217249
0.248 0.000284275 0.00218
0.249 0.000286459 0.00218751
0.25 0.00028865 0.002195
0.251 0.000290849 0.00220249
0.252 0.000293055 0.00220996
0.253 0.000295269 0.00221743
0.254 0.00029749 0.00222488
0.255 0.000299718 0.00223233
0.256 0.000301954 0.00223976
0.257 0.000304198 0.00224719
0.258 0.000306449 0.0022546
0.259 0.000308707 0.00226201
0.26 0.000310973 0.0022694
0.261 0.000313246 0.00227679
0.262 0.000315526 0.00228416
0.263 0.000317814 0.00229153
0.264 0.000320109 0.00229888
0.265 0.000322412 0.00230623
0.266 0.000324722 0.00231356
0.267 0.000327039 0.00232089
0.268 0.000329364 0.0023282
0.269 0.000331695 0.00233551
0.27 0.000334035 0.0023428
0.271 0.000336381 0.00235009
0.272 0.000338735 0.00235736
0.273 0.000341096 0.00236463
0.274 0.000343464 0.00237188
0.275 0.00034584 0.00237913
0.276 0.000348222 0.00238636
0.277 0.000350612 0.00239359
0.278 0.000353009 0.0024008
0.279 0.000355414 0.00240801
0.28 0.000357825 0.0024152
0.281 0.000360244 0.00242239
0.282 0.00036267 0.00242956
0.283 0.000365103 0.00243673
0.284 0.000367544 0.00244388
0.285 0.000369991 0.00245103
0.286 0.000372446 0.00245816
0.287 0.000374907 0.00246529
0.288 0.000377376 0.0024724
0.289 0.000379852 0.00247951
0.29 0.000382335 0.0024866
0.291 0.000384825 0.00249369
0.292 0.000387323 0.00250076
0.293 0.000389827 0.00250783
0.294 0.000392338 0.00251488
0.295 0.000394857 0.00252193
0.296 0.000397382 0.00252896
0.297 0.000399915 0.00253599
0.298 0.000402454 0.002543
0.299 0.000405001 0.00255001
0.3 0.000407554 0.002557
0.301 0.000410115 0.00256399
0.302 0.000412682 0.00257096
0.303 0.000415257 0.00257793
0.304 0.000417838 0.00258488
0.305 0.000420426 0.00259183
0.306 0.000423022 0.00259876
0.307 0.000425624 0.00260569
0.308 0.000428233 0.0026126
0.309 0.000430849 0.00261951
0.31 0.000433472 0.0026264
0.311 0.000436102 0.00263329
0.312 0.000438739 0.00264016
0.313 0.000441382 0.00264703
0.314 0.000444033 0.00265388
0.315 0.00044669 0.00266073
0.316 0.000449354 0.00266756
0.317 0.000452025 0.00267439
0.318 0.000454703 0.0026812
0.319 0.000457388 0.00268801
0.32 0.000460079 0.0026948
0.321 0.000462777 0.00270159
0.322 0.000465482 0.00270836
0.323 0.000468194 0.00271513
0.324 0.000470912 0.00272189
0.325 0.000473638 0.00272863
0.326 0.00047637 0.00273537
0.327 0.000479108 0.00274209
0.328 0.000481854 0.00274881
0.329 0.000484606 0.00275551
0.33 0.000487365 0.00276221
0.331 0.00049013 0.00276889
0.332 0.000492903 0.00277557
0.333 0.000495682 0.00278223
0.334 0.000498467 0.00278889
0.335 0.000501259 0.00279553
0.336 0.000504058 0.00280217
0.337 0.000506864 0.00280879
0.338 0.000509676 0.00281541
0.339 0.000512494 0.00282201
0.34 0.00051532 0.00282861
0.341 0.000518152 0.00283519
0.342 0.00052099 0.00284177
0.343 0.000523835 0.00284833
0.344 0.000526687 0.00285489
0.345 0.000529545 0.00286143
0.346 0.00053241 0.00286797
0.347 0.000535281 0.00287449
0.348 0.000538159 0.00288101
0.349 0.000541043 0.00288751
0.35 0.000543934 0.00289401
0.351 0.000546831 0.00290049
0.352 0.000549735 0.00290697
0.353 0.000552645 0.00291343
0.354 0.000555561 0.00291989
0.355 0.000558485 0.00292633
0.356 0.000561414 0.00293277
0.357 0.00056435 0.00293919
0.358 0.000567293 0.00294561
0.359 0.000570241 0.00295201
0.36 0.000573197 0.00295841
0.361 0.000576158 0.00296479
0.362 0.000579126 0.00297117
0.363 0.0005821 0.00297753
0.364 0.000585081 0.00298389
0.365 0.000588068 0.00299023
0.366 0.000591062 0.00299657
0.367 0.000594061 0.00300289
0.368 0.000597067 0.00300921
0.369 0.00060008 0.00301551
0.37 0.000603098 0.00302181
0.371 0.000606123 0.00302809
0.372 0.000609155 0.00303437
0.373 0.000612192 0.00304063
0.374 0.000615236 0.00304689
0.375 0.000618286 0.00305313
0.376 0.000621342 0.00305937
0.377 0.000624405 0.00306559
0.378 0.000627473 0.00307181
0.379 0.000630548 0.00307801
0.38 0.000633629 0.00308421
0.381 0.000636717 0.00309039
0.382 0.00063981 0.00309657
0.383 0.00064291 0.00310273
0.384 0.000646016 0.00310889
0.385 0.000649128 0.00311504
0.386 0.000652246 0.00312117
0.387 0.00065537 0.0031273
0.388 0.0006585 0.00313341
0.389 0.000661637 0.00313952
0.39 0.000664779 0.00314561
0.391 0.000667928 0.0031517
0.392 0.000671083 0.00315777
0.393 0.000674244 0.00316384
0.394 0.00067741 0.00316989
0.395 0.000680583 0.00317594
0.396 0.000683762 0.00318197
0.397 0.000686947 0.003188
0.398 0.000690138 0.00319401
0.399 0.000693335 0.00320002
0.4 0.000696538 0.00320601
0.401 0.000699747 0.003212
0.402 0.000702962 0.00321797
0.403 0.000706183 0.00322394
0.404 0.00070941 0.00322989
0.405 0.000712643 0.00323584
0.406 0.000715882 0.00324177
0.407 0.000719127 0.0032477
0.408 0.000722377 0.00325361
0.409 0.000725634 0.00325952
0.41 0.000728896 0.00326541
0.411 0.000732165 0.0032713
0.412 0.000735439 0.00327717
0.413 0.000738719 0.00328304
0.414 0.000742005 0.00328889
0.415 0.000745297 0.00329474
0.416 0.000748594 0.00330057
0.417 0.000751898 0.0033064
0.418 0.000755207 0.00331221
0.419 0.000758522 0.00331802
0.42 0.000761843 0.00332381
0.421 0.00076517 0.0033296
0.422 0.000768502 0.00333537
0.423 0.000771841 0.00334114
0.424 0.000775185 0.00334689
0.425 0.000778534 0.00335264
0.426 0.00078189 0.00335837
0.427 0.000785251 0.0033641
0.428 0.000788618 0.00336981
0.429 0.000791991 0.00337552
0.43 0.000795369 0.00338121
0.431 0.000798753 0.0033869
0.432 0.000802143 0.00339257
0.433 0.000805538 0.00339824
0.434 0.000808939 0.00340389
0.435 0.000812346 0.00340954
0.436 0.000815758 0.00341517
0.437 0.000819176 0.0034208
0.438 0.0008226 0.00342642
0.439 0.000826029 0.00343202
0.44 0.000829464 0.00343762
0.441 0.000832905 0.0034432
0.442 0.000836351 0.00344878
0.443 0.000839802 0.00345434
0.444 0.000843259 0.0034599
0.445 0.000846722 0.00346544
0.446 0.00085019 0.00347098
0.447 0.000853664 0.0034765
0.448 0.000857143 0.00348202
0.449 0.000860628 0.00348752
0.45 0.000864118 0.00349302
0.451 0.000867614 0.0034985
0.452 0.000871115 0.00350398
0.453 0.000874622 0.00350944
0.454 0.000878134 0.0035149
0.455 0.000881652 0.00352034
0.456 0.000885175 0.00352578
0.457 0.000888703 0.0035312
0.458 0.000892237 0.00353662
0.459 0.000895776 0.00354202
0.46 0.000899321 0.00354742
0.461 0.000902871 0.0035528
0.462 0.000906427 0.00355818
0.463 0.000909988 0.00356354
0.464 0.000913554 0.0035689
0.465 0.000917125 0.00357424
0.466 0.000920702 0.00357958
0.467 0.000924285 0.0035849
0.468 0.000927872 0.00359022
0.469 0.000931465 0.00359552
0.47 0.000935063 0.00360082
0.471 0.000938667 0.0036061
0.472 0.000942275 0.00361138
0.473 0.000945889 0.00361664
0.474 0.000949509 0.0036219
0.475 0.000953133 0.00362714
0.476 0.000956763 0.00363238
0.477 0.000960398 0.0036376
0.478 0.000964038 0.00364282
0.479 0.000967684 0.00364802
0.48 0.000971334 0.00365322
0.481 0.00097499 0.0036584
0.482 0.000978651 0.00366358
0.483 0.000982317 0.00366874
0.484 0.000985988 0.0036739
0.485 0.000989665 0.00367904
0.486 0.000993347 0.00368418
0.487 0.000997033 0.00368931
0.488 0.00100073 0.00369442
0.489 0.00100442 0.00369953
0.49 0.00100812 0.00370462
0.491 0.00101183 0.00370971
0.492 0.00101554 0.00371478
0.493 0.00101926 0.00371985
0.494 0.00102298 0.0037249
0.495 0.00102671 0.00372995
0.496 0.00103044 0.00373498
0.497 0.00103418 0.00374001
0.498 0.00103792 0.00374502
0.499 0.00104167 0.00375003
0.5 0.00104542 0.00375502
0.501 0.00104918 0.00376001
0.502 0.00105294 0.00376498
0.503 0.00105671 0.00376995
0.504 0.00106048 0.0037749
0.505 0.00106426 0.00377985
0.506 0.00106804 0.00378478
0.507 0.00107183 0.00378971
0.508 0.00107562 0.00379462
0.509 0.00107942 0.00379953
0.51 0.00108322 0.00380442
0.511 0.00108703 0.00380931
0.512 0.00109084 0.00381418
0.513 0.00109466 0.00381905
0.514 0.00109848 0.0038239
0.515 0.0011023 0.00382875
0.516 0.00110614 0.00383358
0.517 0.00110997 0.00383841
0.518 0.00111381 0.00384322
0.519 0.00111766 0.00384803
0.52 0.00112151 0.00385282
0.521 0.00112536 0.00385761
0.522 0.00112922 0.00386238
0.523 0.00113309 0.00386715
0.524 0.00113696 0.0038719
0.525 0.00114083 0.00387665
0.526 0.00114471 0.00388138
0.527 0.00114859 0.00388611
0.528 0.00115248 0.00389082
0.529 0.00115638 0.00389553
0.53 0.00116027 0.00390022
0.531 0.00116418 0.00390491
0.532 0.00116808 0.00390958
0.533 0.001172 0.00391425
0.534 0.00117591 0.00391891
0.535 0.00117983 0.00392355
0.536 0.00118376 0.00392819
0.537 0.00118769 0.00393281
0.538 0.00119163 0.00393743
0.539 0.00119557 0.00394203
0.54 0.00119951 0.00394663
0.541 0.00120346 0.00395121
0.542 0.00120741 0.00395579
0.543 0.00121137 0.00396035
0.544 0.00121533 0.00396491
0.545 0.0012193 0.00396945
0.546 0.00122327 0.00397399
0.547 0.00122725 0.00397851
0.548 0.00123123 0.00398303
0.549 0.00123521 0.00398753
0.55 0.0012392 0.00399203
0.551 0.0012432 0.00399651
0.552 0.0012472 0.00400099
0.553 0.0012512 0.00400545
0.554 0.00125521 0.00400991
0.555 0.00125922 0.00401435
0.556 0.00126324 0.00401879
0.557 0.00126726 0.00402321
0.558 0.00127128 0.00402763
0.559 0.00127531 0.00403203
0.56 0.00127935 0.00403643
0.561 0.00128339 0.00404081
0.562 0.00128743 0.00404519
0.563 0.00129148 0.00404955
0.564 0.00129553 0.00405391
0.565 0.00129958 0.00405825
0.566 0.00130364 0.00406259
0.567 0.00130771 0.00406691
0.568 0.00131178 0.00407123
0.569 0.00131585 0.00407553
0.57 0.00131993 0.00407983
0.571 0.00132401 0.00408411
0.572 0.0013281 0.00408839
0.573 0.00133219 0.00409265
0.574 0.00133628 0.00409691
0.575 0.00134038 0.00410115
0.576 0.00134448 0.00410539
0.577 0.00134859 0.00410961
0.578 0.0013527 0.00411383
0.579 0.00135682 0.00411803
0.58 0.00136094 0.00412223
0.581 0.00136506 0.00412642
0.582 0.00136919 0.00413059
0.583 0.00137333 0.00413476
0.584 0.00137746 0.00413891
0.585 0.0013816 0.00414306
0.586 0.00138575 0.00414719
0.587 0.0013899 0.00415132
0.588 0.00139405 0.00415543
0.589 0.00139821 0.00415954
0.59 0.00140237 0.00416363
0.591 0.00140654 0.00416772
0.592 0.00141071 0.00417179
0.593 0.00141488 0.00417586
0.594 0.00141906 0.00417991
0.595 0.00142324 0.00418396
0.596 0.00142743 0.00418799
0.597 0.00143162 0.00419202
0.598 0.00143581 0.00419603
0.599 0.00144001 0.00420004
0.6 0.00144421 0.00420403
0.601 0.00144842 0.00420802
0.602 0.00145263 0.00421199
0.603 0.00145684 0.00421596
0.604 0.00146106 0.00421991
0.605 0.00146528 0.00422386
0.606 0.0014695 0.00422779
0.607 0.00147373 0.00423172
0.608 0.00147797 0.00423563
0.609 0.00148221 0.00423954
0.61 0.00148645 0.00424343
0.611 0.00149069 0.00424732
0.612 0.00149494 0.00425119
0.613 0.0014992 0.00425506
0.614 0.00150345 0.00425891
0.615 0.00150771 0.00426276
0.616 0.00151198 0.00426659
0.617 0.00151625 0.00427042
0.618 0.00152052 0.00427423
0.619 0.00152479 0.00427804
0.62 0.00152907 0.00428183
0.621 0.00153336 0.00428562
0.622 0.00153765 0.00428939
0.623 0.00154194 0.00429316
0.624 0.00154623 0.00429691
0.625 0.00155053 0.00430066
0.626 0.00155483 0.00430439
0.627 0.00155914 0.00430812
0.628 0.00156345 0.00431184
0.629 0.00156776 0.00431554
0.63 0.00157208 0.00431924
0.631 0.0015764 0.00432292
0.632 0.00158073 0.0043266
0.633 0.00158506 0.00433026
0.634 0.00158939 0.00433392
0.635 0.00159372 0.00433756
0.636 0.00159806 0.0043412
0.637 0.00160241 0.00434482
0.638 0.00160675 0.00434844
0.639 0.0016111 0.00435204
0.64 0.00161546 0.00435564
0.641 0.00161981 0.00435922
0.642 0.00162417 0.0043628
0.643 0.00162854 0.00436636
0.644 0.00163291 0.00436992
0.645 0.00163728 0.00437346
0.646 0.00164165 0.004377
0.647 0.00164603 0.00438052
0.648 0.00165042 0.00438404
0.649 0.0016548 0.00438754
0.65 0.00165919 0.00439104
0.651 0.00166358 0.00439452
0.652 0.00166798 0.004398
0.653 0.00167238 0.00440146
0.654 0.00167678 0.00440492
0.655 0.00168119 0.00440836
0.656 0.0016856 0.0044118
0.657 0.00169001 0.00441522
0.658 0.00169443 0.00441864
0.659 0.00169885 0.00442204
0.66 0.00170327 0.00442544
0.661 0.0017077 0.00442882
0.662 0.00171213 0.0044322
0.663 0.00171656 0.00443556
0.664 0.001721 0.00443892
0.665 0.00172544 0.00444226
0.666 0.00172989 0.0044456
0.667 0.00173433 0.00444892
0.668 0.00173878 0.00445224
0.669 0.00174324 0.00445554
0.67 0.0017477 0.00445884
0.671 0.00175216 0.00446212
0.672 0.00175662 0.0044654
0.673 0.00176109 0.00446866
0.674 0.00176556 0.00447192
0.675 0.00177003 0.00447516
0.676 0.00177451 0.0044784
0.677 0.00177899 0.00448163
0.678 0.00178347 0.00448484
0.679 0.00178796 0.00448805
0.68 0.00179245 0.00449124
0.681 0.00179694 0.00449443
0.682 0.00180144 0.0044976
0.683 0.00180593 0.00450077
0.684 0.00181044 0.00450392
0.685 0.00181494 0.00450707
0.686 0.00181945 0.0045102
0.687 0.00182396 0.00451333
0.688 0.00182848 0.00451644
0.689 0.001833 0.00451955
0.69 0.00183752 0.00452264
0.691 0.00184204 0.00452573
0.692 0.00184657 0.0045288
0.693 0.0018511 0.00453187
0.694 0.00185563 0.00453492
0.695 0.00186017 0.00453797
0.696 0.00186471 0.004541
0.697 0.00186925 0.00454403
0.698 0.0018738 0.00454704
0.699 0.00187834 0.00455005
0.7 0.0018829 0.00455304
0.701 0.00188745 0.00455603
0.702 0.00189201 0.004559
0.703 0.00189657 0.00456197
0.704 0.00190113 0.00456492
0.705 0.0019057 0.00456787
0.706 0.00191027 0.0045708
0.707 0.00191484 0.00457373
0.708 0.00191942 0.00457664
0.709 0.00192399 0.00457955
0.71 0.00192857 0.00458244
0.711 0.00193316 0.00458533
0.712 0.00193775 0.0045882
0.713 0.00194233 0.00459107
0.714 0.00194693 0.00459392
0.715 0.00195152 0.00459677
0.716 0.00195612 0.0045996
0.717 0.00196072 0.00460243
0.718 0.00196533 0.00460524
0.719 0.00196993 0.00460805
0.72 0.00197454 0.00461084
0.721 0.00197915 0.00461363
0.722 0.00198377 0.0046164
0.723 0.00198839 0.00461917
0.724 0.00199301 0.00462192
0.725 0.00199763 0.00462467
0.726 0.00200226 0.0046274
0.727 0.00200689 0.00463013
0.728 0.00201152 0.00463284
0.729 0.00201615 0.00463555
0.73 0.00202079 0.00463824
0.731 0.00202543 0.00464093
0.732 0.00203007 0.00464361
0.733 0.00203471 0.00464627
0.734 0.00203936 0.00464893
0.735 0.00204401 0.00465157
0.736 0.00204867 0.00465421
0.737 0.00205332 0.00465683
0.738 0.00205798 0.00465945
0.739 0.00206264 0.00466205
0.74 0.0020673 0.00466465
0.741 0.00207197 0.00466723
0.742 0.00207664 0.00466981
0.743 0.00208131 0.00467237
0.744 0.00208598 0.00467493
0.745 0.00209066 0.00467747
0.746 0.00209534 0.00468001
0.747 0.00210002 0.00468253
0.748 0.0021047 0.00468505
0.749 0.00210939 0.00468755
0.75 0.00211408 0.00469005
0.751 0.00211877 0.00469253
0.752 0.00212346 0.00469501
0.753 0.00212816 0.00469747
0.754 0.00213286 0.00469993
0.755 0.00213756 0.00470237
0.756 0.00214226 0.00470481
0.757 0.00214697 0.00470723
0.758 0.00215168 0.00470965
0.759 0.00215639 0.00471205
0.76 0.0021611 0.00471445
0.761 0.00216582 0.00471683
0.762 0.00217053 0.00471921
0.763 0.00217526 0.00472157
0.764 0.00217998 0.00472393
0.765 0.0021847 0.00472627
0.766 0.00218943 0.00472861
0.767 0.00219416 0.00473093
0.768 0.00219889 0.00473325
0.769 0.00220363 0.00473555
0.77 0.00220836 0.00473785
0.771 0.0022131 0.00474013
0.772 0.00221784 0.00474241
0.773 0.00222259 0.00474467
0.774 0.00222733 0.00474693
0.775 0.00223208 0.00474917
0.776 0.00223683 0.00475141
0.777 0.00224158 0.00475363
0.778 0.00224634 0.00475585
0.779 0.0022511 0.00475805
0.78 0.00225585 0.00476025
0.781 0.00226062 0.00476243
0.782 0.00226538 0.00476461
0.783 0.00227015 0.00476677
0.784 0.00227491 0.00476893
0.785 0.00227968 0.00477107
0.786 0.00228446 0.00477321
0.787 0.00228923 0.00477533
0.788 0.00229401 0.00477745
0.789 0.00229878 0.00477955
0.79 0.00230356 0.00478165
0.791 0.00230835 0.00478373
0.792 0.00231313 0.00478581
0.793 0.00231792 0.00478787
0.794 0.00232271 0.00478993
0.795 0.0023275 0.00479198
0.796 0.00233229 0.00479401
0.797 0.00233709 0.00479604
0.798 0.00234188 0.00479805
0.799 0.00234668 0.00480006
0.8 0.00235148 0.00480205
0.801 0.00235629 0.00480404
0.802 0.00236109 0.00480601
0.803 0.0023659 0.00480798
0.804 0.00237071 0.00480993
0.805 0.00237552 0.00481188
0.806 0.00238033 0.00481381
0.807 0.00238515 0.00481574
0.808 0.00238996 0.00481765
0.809 0.00239478 0.00481956
0.81 0.0023996 0.00482145
0.811 0.00240443 0.00482334
0.812 0.00240925 0.00482521
0.813 0.00241408 0.00482708
0.814 0.0024189 0.00482893
0.815 0.00242373 0.00483078
0.816 0.00242856 0.00483261
0.817 0.0024334 0.00483444
0.818 0.00243823 0.00483625
0.819 0.00244307 0.00483806
0.82 0.00244791 0.00483985
0.821 0.00245275 0.00484164
0.822 0.00245759 0.00484341
0.823 0.00246244 0.00484518
0.824 0.00246728 0.00484693
0.825 0.00247213 0.00484868
0.826 0.00247698 0.00485041
0.827 0.00248183 0.00485214
0.828 0.00248669 0.00485385
0.829 0.00249154 0.00485556
0.83 0.0024964 0.00485725
0.831 0.00250125 0.00485894
0.832 0.00250611 0.00486061
0.833 0.00251098 0.00486228
0.834 0.00251584 0.00486393
0.835 0.0025207 0.00486558
0.836 0.00252557 0.00486721
0.837 0.00253044 0.00486884
0.838 0.00253531 0.00487045
0.839 0.00254018 0.00487206
0.84 0.00254505 0.00487365
0.841 0.00254993 0.00487524
0.842 0.0025548 0.00487681
0.843 0.00255968 0.00487838
0.844 0.00256456 0.00487993
0.845 0.00256944 0.00488148
0.846 0.00257432 0.00488301
0.847 0.00257921 0.00488454
0.848 0.00258409 0.00488605
0.849 0.00258898 0.00488756
0.85 0.00259387 0.00488905
0.851 0.00259876 0.00489054
0.852 0.00260365 0.00489201
0.853 0.00260854 0.00489348
0.854 0.00261343 0.00489493
0.855 0.00261833 0.00489638
0.856 0.00262323 0.00489781
0.857 0.00262813 0.00489924
0.858 0.00263303 0.00490065
0.859 0.00263793 0.00490206
0.86 0.00264283 0.00490345
0.861 0.00264773 0.00490484
0.862 0.00265264 0.00490621
0.863 0.00265755 0.00490758
0.864 0.00266245 0.00490893
0.865 0.00266736 0.00491028
0.866 0.00267227 0.00491161
0.867 0.00267719 0.00491294
0.868 0.0026821 0.00491425
0.869 0.00268702 0.00491556
0.87 0.00269193 0.00491685
0.871 0.00269685 0.00491814
0.872 0.00270177 0.00491941
0.873 0.00270669 0.00492068
0.874 0.00271161 0.00492193
0.875 0.00271653 0.00492318
0.876 0.00272146 0.00492441
0.877 0.00272638 0.00492564
0.878 0.00273131 0.00492685
0.879 0.00273623 0.00492806
0.88 0.00274116 0.00492925
0.881 0.00274609 0.00493044
0.882 0.00275102 0.00493161
0.883 0.00275596 0.00493278
0.884 0.00276089 0.00493394
0.885 0.00276582 0.00493508
0.886 0.00277076 0.00493622
0.887 0.0027757 0.00493734
0.888 0.00278063 0.00493846
0.889 0.00278557 0.00493956
0.89 0.00279051 0.00494066
0.891 0.00279545 0.00494174
0.892 0.0028004 0.00494282
0.893 0.00280534 0.00494388
0.894 0.00281028 0.00494494
0.895 0.00281523 0.00494598
0.896 0.00282018 0.00494702
0.897 0.00282512 0.00494804
0.898 0.00283007 0.00494906
0.899 0.00283502 0.00495006
0.9 0.00283997 0.00495106
0.901 0.00284492 0.00495204
0.902 0.00284988 0.00495302
0.903 0.00285483 0.00495398
0.904 0.00285978 0.00495494
0.905 0.00286474 0.00495588
0.906 0.0028697 0.00495682
0.907 0.00287465 0.00495774
0.908 0.00287961 0.00495866
0.909 0.00288457 0.00495956
0.91 0.00288953 0.00496046
0.911 0.00289449 0.00496134
0.912 0.00289945 0.00496222
0.913 0.00290442 0.00496308
0.914 0.00290938 0.00496394
0.915 0.00291434 0.00496478
0.916 0.00291931 0.00496562
0.917 0.00292428 0.00496644
0.918 0.00292924 0.00496726
0.919 0.00293421 0.00496806
0.92 0.00293918 0.00496886
0.921 0.00294415 0.00496964
0.922 0.00294912 0.00497042
0.923 0.00295409 0.00497118
0.924 0.00295906 0.00497194
0.925 0.00296403 0.00497268
0.926 0.00296901 0.00497342
0.927 0.00297398 0.00497414
0.928 0.00297895 0.00497486
0.929 0.00298393 0.00497556
0.93 0.00298891 0.00497626
0.931 0.00299388 0.00497694
0.932 0.00299886 0.00497762
0.933 0.00300384 0.00497828
0.934 0.00300882 0.00497894
0.935 0.00301379 0.00497958
0.936 0.00301877 0.00498022
0.937 0.00302376 0.00498084
0.938 0.00302874 0.00498146
0.939 0.00303372 0.00498206
0.94 0.0030387 0.00498266
0.941 0.00304368 0.00498324
0.942 0.00304867 0.00498382
0.943 0.00305365 0.00498438
0.944 0.00305864 0.00498494
0.945 0.00306362 0.00498548
0.946 0.00306861 0.00498602
0.947 0.00307359 0.00498654
0.948 0.00307858 0.00498706
0.949 0.00308357 0.00498756
0.95 0.00308855 0.00498806
0.951 0.00309354 0.00498854
0.952 0.00309853 0.00498902
0.953 0.00310352 0.00498948
0.954 0.00310851 0.00498994
0.955 0.0031135 0.00499038
0.956 0.00311849 0.00499082
0.957 0.00312348 0.00499124
0.958 0.00312847 0.00499166
0.959 0.00313347 0.00499206
0.96 0.00313846 0.00499246
0.961 0.00314345 0.00499284
0.962 0.00314844 0.00499322
0.963 0.00315344 0.00499358
0.964 0.00315843 0.00499394
0.965 0.00316343 0.00499428
0.966 0.00316842 0.00499462
0.967 0.00317341 0.00499494
0.968 0.00317841 0.00499526
0.969 0.00318341 0.00499556
0.97 0.0031884 0.00499586
0.971 0.0031934 0.00499614
0.972 0.00319839 0.00499642
0.973 0.00320339 0.00499668
0.974 0.00320839 0.00499694
0.975 0.00321338 0.00499718
0.976 0.00321838 0.00499742
0.977 0.00322338 0.00499764
0.978 0.00322838 0.00499786
0.979 0.00323337 0.00499806
0.98 0.00323837 0.00499826
0.981 0.00324337 0.00499844
0.982 0.00324837 0.00499862
0.983 0.00325337 0.00499878
0.984 0.00325837 0.00499894
0.985 0.00326337 0.00499908
0.986 0.00326836 0.00499922
0.987 0.00327336 0.00499934
0.988 0.00327836 0.00499946
0.989 0.00328336 0.00499956
0.99 0.00328836 0.00499966
0.991 0.00329336 0.00499974
0.992 0.00329836 0.00499982
0.993 0.00330336 0.00499988
0.994 0.00330836 0.00499994
0.995 0.00331336 0.00499998
0.996 0.00331836 0.00500002
0.997 0.00332336 0.00500004
0.998 0.00332836 0.00500006
0.999 0.00333336 0.00500006
